4294967294,1239
4292,4
4292,3
4292,2
4292,1
4294967294,1242
4291,4
4291,3
4291,2
4291,1
4294967294,1233
4290,4
4290,3
4290,2
4290,1
4294967279,459
4294967293,131
4294967293,130
4294967293,129
4294967293,128
4294967293,127
4294967293,126
4294967293,125
4294967293,124
4294967293,123
4294967293,122
4294967293,121
4294967293,120
4294967293,119
4294967293,118
4294967293,117
4294967293,116
4294967293,115
4294967293,114
4294967293,113
4294967293,112
4294967293,111
4294967293,110
4294967293,109
4294967293,108
4294967293,107
4294967293,106
4294967293,105
4294967293,104
4294967293,103
4294967293,102
4294967293,101
4294967293,100
4294967293,99
4294967293,98
4294967293,97
4294967293,96
4294967293,95
4294967293,94
4294967293,93
4294967293,92
4294967293,91
4294967293,90
4294967293,89
4294967293,88
4294967293,87
4294967293,86
4294967293,85
4294967293,84
4294967293,83
4294967293,82
4294967293,81
4294967293,80
4294967293,79
4294967293,78
4294967293,77
4294967293,76
4294967293,75
4294967293,74
4294967293,73
4294967293,72
4294967293,71
4294967293,70
4294967293,69
4294967293,68
4294967293,67
4294967293,66
4294967293,65
4294967293,64
4294967293,63
4294967293,62
4294967293,61
4294967293,60
4294967293,59
4294967293,58
4294967293,57
4294967293,56
4294967293,55
4294967293,54
4294967293,53
4294967293,52
4294967293,51
4294967293,50
4294967293,49
4294967293,48
4294967293,47
4294967293,46
4294967293,45
4294967293,44
4294967293,43
4294967293,42
4294967293,41
4294967293,40
4294967293,39
4294967293,38
4294967293,37
4294967293,36
4294967293,35
4294967293,34
4294967293,33
4294967293,32
4294967293,31
4294967293,30
4294967293,29
4294967293,28
4294967293,27
4294967293,26
4294967293,25
4294967293,24
4294967293,23
4294967293,22
4294967293,21
4294967293,20
4294967293,19
4294967293,18
4294967293,17
4294967293,16
4294967293,15
4294967293,14
4294967293,13
4294967293,12
4294967293,11
4294967293,10
4294967293,9
4294967293,8
4294967293,7
4294967293,6
4294967293,5
4294967293,4
4294967293,3
4294967293,2
4243767290,0
4243767289,0
4243767288,0
4243767287,0
4243767286,0
4243767285,0
4243767284,0
4243767283,0
4243767282,0
4243767281,0
4294967293,0
4294967278,50
4294967278,476
4294967278,161
4294967278,49
4294967278,279
4294967278,160
4294967278,48
4294967278,307
4294967278,47
4294967278,331
4294967278,158
4294967278,46
4294967278,137
4294967278,157
4294967278,45
4294967278,475
4294967278,156
4294967278,44
4294967278,296
4294967278,155
4294967278,43
4294967278,154
4294967278,42
4294967278,442
4294967278,153
4294967278,41
4294967278,430
4294967278,152
4294967278,40
4294967278,314
4294967278,151
4294967278,39
4294967278,214
4294967278,150
4294967278,38
4294967278,382
4294967278,149
4294967278,37
4294967278,291
4294967278,148
4294967278,36
4294967278,444
4294967278,147
4294967278,35
4294967278,375
4294967278,146
4294967278,34
4294967278,418
4294967278,145
4294967278,33
4294967278,299
4294967278,144
4294967278,32
4294967278,313
4294967278,143
4294967278,31
4294967278,403
4294967278,142
4294967278,30
4294967278,406
4294967278,141
4294967278,29
4294967278,140
4294967278,28
4294967278,304
4294967278,139
4294967278,27
4294967278,265
4294967278,138
4294967278,26
4294967278,272
4294967278,372
4294967278,25
4294967278,258
4294967278,136
4294967278,24
4294967278,321
4294967278,135
4294967278,23
4294967278,303
4294967278,134
4294967278,22
4294967278,301
4294967278,133
4294967278,21
4294967278,271
4294967278,20
4294967278,312
4294967278,270
4294967278,19
4294967278,218
4294967278,269
4294967278,18
4294967278,290
4294967278,277
4294967278,17
4294967278,276
4294967278,289
4294967278,16
4294967278,286
4294967278,267
4294967278,15
4294967278,266
4294967278,370
4294967278,14
4294967278,404
4294967278,263
4294967278,13
4294967278,249
4294967278,262
4294967278,12
4294967278,402
4294967278,261
4294967278,11
4294967278,401
4294967278,259
4294967278,10
4294967278,274
4294967278,310
4294967278,9
4294967278,325
4294967278,257
4294967278,8
4294967278,400
4294967278,273
4294967278,7
4294967278,285
4294967278,414
4294967278,6
4294967278,355
4294967278,474
4294967278,5
4294967278,429
4294967278,254
4294967278,4
4294967278,3
4294967279,301
